poly{
0.5
0.5
1.0
0.8
0.4
200
0.8
0.5
0.0
0.5
0
0
4
1,1,3
1,1,100000
1080,1,100000
1080,1,3
0
}

poly{
0.0
0.5
0.5
0.8
0.4
200
0.8
0.5
0.5
0.0
0
0
4
1,1,3
1,10000,3
1,10000,100000
1,1,100000
0
}


poly{
0.0
0.5
0.5
0.8
0.4
200
0.8
0.5
0.5
0.0
0
0
4
1080,1,3
1080,10000,3
1080,10000,100000
1080,1,100000
0
}


poly{
0.2461
1.0
0.1367
0.8
0.4
20000000
0.8
1.0
0.0
0.0
0
1
universo.avs
4
1,1,10000
1080,1,10000
1080,1000,10000
1,1000,10000
0
}

poly{
0.0
0.0
0.0
0.8
0.4
20000000
0.8
1.0
0.0
0.0
0
0
4
1,1,9998
1080,1,9998
1080,1000,9998
1,1000,9998
1
snake.avs
}



poly{
0.0
0.0
0.7
0.8
0.4
200
0.8
1.0
0.0
0.0
0
0
4
1,1000,3
1,1000,100000
1080,1000,100000
1080,1000,3
0
}



poly{
0.0
0.0
0.0
0.8
0.4
200
0.8
0.5
0.5
0.0
0
0
4
360,3,3
360,3,100000
720,3,100000
720,3,3
0
}


cylin{
0.5
0.5
0.5
1.0
0.8
8
0.2
0.6
0.4
0.0
0
1
marmol.avs
340,0,100
0,1,0
20
0
200
1,0,0
0
}

sph{
1.0
0.65
1.0
0.8
0.4
2
0.1
1.0
0.0
0.0
0
1
fuego.avs
20
340.0
220.0
100.0
1,0,0
0,1,0
0
}


cylin{
0.5
0.5
0.5
1.0
0.8
8
0.2
0.6
0.4
0.0
0
1
marmol.avs
340,0,1600
0,1,0
20
0
200
1,0,0
0
}

sph{
1.0
0.65
1.0
0.8
0.4
2
0.1
1.0
0.0
0.0
0
1
fuego.avs
20
340.0
220.0
1600.0
1,0,0
0,1,0
0
}

cylin{
0.5
0.5
0.5
1.0
0.8
8
0.2
0.6
0.4
0.0
0
1
marmol.avs
340,0,3100
0,1,0
20
0
200
1,0,0
0
}

sph{
1.0
0.65
1.0
0.8
0.4
2
0.1
1.0
0.0
0.0
0
1
fuego.avs
20
340.0
220.0
3100.0
1,0,0
0,1,0
0
}

cylin{
0.5
0.5
0.5
1.0
0.8
8
0.2
0.6
0.4
0.0
0
1
marmol.avs
340,0,4600
0,1,0
20
0
200
1,0,0
0
}

sph{
1.0
0.65
1.0
0.8
0.4
2
0.1
1.0
0.0
0.0
0
1
fuego.avs
20
340.0
220.0
4600.0
1,0,0
0,1,0
0
}


comen{
lado derecho
}



cylin{
0.5
0.5
0.5
1.0
0.8
8
0.2
0.6
0.4
0.0
0
1
marmol.avs
740,0,100
0,1,0
20
0
200
1,0,0
0
}

sph{
1.0
0.65
1.0
0.8
0.4
2
0.1
1.0
0.0
0.0
0
1
fuego.avs
20
740.0
220.0
100.0
1,0,0
0,1,0
0
}


cylin{
0.5
0.5
0.5
1.0
0.8
8
0.2
0.6
0.4
0.0
0
1
marmol.avs
740,0,1600
0,1,0
20
0
200
1,0,0
0
}

sph{
1.0
0.65
1.0
0.8
0.4
2
0.1
1.0
0.0
0.0
0
1
fuego.avs
20
740.0
220.0
1600.0
1,0,0
0,1,0
0
}

cylin{
0.5
0.5
0.5
1.0
0.8
8
0.2
0.6
0.4
0.0
0
1
marmol.avs
740,0,3100
0,1,0
20
0
200
1,0,0
0
}

sph{
1.0
0.65
1.0
0.8
0.4
2
0.1
1.0
0.0
0.0
0
1
fuego.avs
20
740.0
220.0
3100.0
1,0,0
0,1,0
0
}

cylin{
0.5
0.5
0.5
1.0
0.8
8
0.2
0.6
0.4
0.0
0
1
marmol.avs
740,0,4600
0,1,0
20
0
200
1,0,0
0
}

sph{
1.0
0.65
1.0
0.8
0.4
2
0.1
1.0
0.0
0.0
0
1
fuego.avs
20
740.0
220.0
4600.0
1,0,0
0,1,0
0
}


comen{
ojos
}



sph{
1.0
0.65
1.0
0.8
0.4
2
0.1
1.0
0.0
0.0
0
1
ojo2.avs
60
160.0
420.0
10.0
0,0,1
0,1,0
0
}

sph{
1.0
0.65
1.0
0.8
0.4
2
0.1
1.0
0.0
0.0
0
1
ojo2.avs
60
920.0
420.0
10.0
0,0,1
0,1,0
0
}

comen{
campanas
}
cone{
0.8679
0.8566
0.7584
0.8
0.4
20
0.7
1.0
0.0
0.0
0
1
oro.avs
100,200,50
-0.5,-1,0
9
4
0
70
0,0,1
}

cylin{
0.5
0.5
0.5
1.0
0.8
8
0.2
1.0
0.0
0.0
0
1
madera.avs
110,220,50
-0.5,-1,0
10
0
90
1,0,0
0
}

sph{
1.0
0.65
1.0
0.8
0.4
2
0.1
1.0
0.0
0.0
0
1
madera.avs
10
110.0
220.0
50.0
1,0,0
0,1,0
0
}

sph{
1.0
0.65
1.0
0.8
0.4
2
0.1
1.0
0.0
0.0
0
1
oro.avs
10
80.0
125.0
50.0
1,0,0
0,1,0
0
}



cone{
0.8679
0.8566
0.7584
0.8
0.4
20
0.7
1.0
0.0
0.0
0
1
oro.avs
100,200,1550
-0.5,-1,0
9
4
0
70
0,0,1
}

cylin{
0.5
0.5
0.5
1.0
0.8
8
0.2
1.0
0.0
0.0
0
1
madera.avs
110,220,1550
-0.5,-1,0
10
0
90
1,0,0
0
}

sph{
1.0
0.65
1.0
0.8
0.4
2
0.1
1.0
0.0
0.0
0
1
madera.avs
10
110.0
220.0
1550.0
1,0,0
0,1,0
0
}

sph{
1.0
0.65
1.0
0.8
0.4
2
0.1
1.0
0.0
0.0
0
1
oro.avs
10
80.0
125.0
1550.0
1,0,0
0,1,0
0
}




comen{lado izquierdo}








cone{
0.8679
0.8566
0.7584
0.8
0.4
20
0.7
1.0
0.0
0.0
0
1
oro.avs
900,200,50
-0.5,-1,0
9
4
0
70
0,0,1
}

cylin{
0.5
0.5
0.5
1.0
0.8
8
0.2
1.0
0.0
0.0
0
1
madera.avs
910,220,50
-0.5,-1,0
10
0
90
1,0,0
0
}

sph{
1.0
0.65
1.0
0.8
0.4
2
0.1
1.0
0.0
0.0
0
1
madera.avs
10
910.0
220.0
50.0
1,0,0
0,1,0
0
}

sph{
1.0
0.65
1.0
0.8
0.4
2
0.1
1.0
0.0
0.0
0
1
oro.avs
10
880.0
125.0
50.0
1,0,0
0,1,0
0
}



cone{
0.8679
0.8566
0.7584
0.8
0.4
20
0.7
1.0
0.0
0.0
0
1
oro.avs
900,200,1550
-0.5,-1,0
9
4
0
70
0,0,1
}

cylin{
0.5
0.5
0.5
1.0
0.8
8
0.2
1.0
0.0
0.0
0
1
madera.avs
910,220,1550
-0.5,-1,0
10
0
90
1,0,0
0
}

sph{
1.0
0.65
1.0
0.8
0.4
2
0.1
1.0
0.0
0.0
0
1
madera.avs
10
910.0
220.0
1550.0
1,0,0
0,1,0
0
}

sph{
1.0
0.65
1.0
0.8
0.4
2
0.1
1.0
0.0
0.0
0
1
oro.avs
10
880.0
125.0
1550.0
1,0,0
0,1,0
0
}
