poly{
0.2461
0.1758
0.1367
0.8
0.4
200
0.8
1.0
0.0
0.0
0
0
4
-50,50,1000
900,50,1000
900,750,1000
-50,750,1000
0
}


poly{
0.7344
0.6992
0.6719
0.8
0.4
200
0.8
1.0
0.0
0.0
0
1
floor.avs
4
150,50,999
900,50,999
900,600,999
150,600,999
0
}

poly{
0.2461
0.1758
0.1367
0.8
0.4
200
0.8
1.0
0.0
0.0
0
0
4
901,50,200
901,750,200
900,750,1000
900,50,1000
0
}

poly{
0.2461
0.1758
0.1367
0.8
0.4
200
0.8
1.0
0.0
0.0
0
1
floor.avs
4
-50,50,200
901,50,200
901,50,1000
-50,50,1000
0
}




**********************
	Mueble derecha
*********************

poly{
0.875
0.875
0.875
0.8
0.4
200
0.8
0.5
0.5
0.0
0
1
alumi.avs
4
701,600,800
900,600,800
900,600,1000
700,50,1000
0
}


poly{
0.875
0.875
0.875
0.8
0.4
200
0.8
0.5
0.5
0.0
0
1
alumi.avs
4
701,50,800
701,600,800
700,600,1000
700,50,1000
0
}

poly{
0.875
0.875
0.875
0.8
0.4
200
0.8
1.0
0.0
0.0
0
1
fride.avs
4
701,50,800
900,50,800
900,600,800
701,600,800
0
}

cylin{
1.0
0.0
0.0
1.0
0.8
8
0.2
0.5
0.5
0.0
0
1
alumi.avs
779,470,797
0.0,-1.0,0.0
3
0
280
1.0,0.0,0.0
0
}


cylin{
1.0
0.0
0.0
1.0
0.8
8
0.2
0.5
0.5
0.0
0
1
alumi.avs
795,470,797
0.0,-1.0,0.0
3
0
280
1.0,0.0,0.0
0
}


**********************
	Mueble centro
*********************

poly{
0.875
0.875
0.875
0.8
0.4
200
0.8
1.0
0.0
0.0
0
0
4
300,50,800
698,50,800
698,250,800
300,250,800
0
}

poly{
0.0
0.1
0.1367
0.8
0.4
200
0.8
1.0
0.0
0.0
0
1
wood.avs
4
300,250,795
698,250,795
698,250,1000
300,250,1000
0
}

poly{
0.3
0.3
0.3
0.8
0.8
50
0.8
1.0
0.0
0.0
0
1
wood.avs
4
300,240,795
698,240,795
698,250,795
300,250,795
0
}

poly{
0.875
0.875
0.875
0.8
0.4
200
0.8
1.0
0.0
0.0
0
0
4
301,50,400
301,250,400
300,250,800
300,50,800
0
}

**********************
	Mueble izquierda
*********************

poly{
0.875
0.875
0.875
0.8
0.4
200
0.8
1.0
0.0
0.0
0
0
4
150,50,400
301,50,400
301,250,400
150,250,400
0
}

poly{
0.0
0.1
0.1367
0.8
0.4
10
0.4
1.0
0.0
0.0
0
1
wood.avs
4
150,250,390
301,250,390
301,250,1000
150,250,1000
0
}

poly{
0.875
0.875
0.875
0.8
0.4
10
0.4
1.0
0.0
0.0
0
1
wood.avs
4
150,240,390
301,240,390
301,250,390
150,250,390
0
}

poly{
0.875
0.875
0.875
0.8
0.4
200
0.8
1.0
0.0
0.0
0
0
4
151,50,400
151,250,400
150,250,800
150,50,800
0
}

poly{
0.875
0.875
0.875
0.8
0.4
200
0.8
1.0
0.0
0.0
0
1
wood.avs
4
151,240,390
151,250,390
150,250,800
150,240,800
0
}

***************
	Puertas
***************
poly{
0.875
0.875
0.875
0.8
0.4
200
0.8
1.0
0.0
0.0
0
1
door.avs
4
600,50,799
698,50,799
698,240,799
600,240,799
0
}

sph{
0.3
0.3
0.3
0.8
0.8
50
0.9
1.0
0.0
0.0
0
0
5
690.0
200.0
796.0
1,0,0
0,1,0
0
}

poly{
0.875
0.875
0.875
0.8
0.4
200
0.8
1.0
0.0
0.0
0
1
door.avs
4
300,50,799
399,50,799
399,240,799
300,240,799
0
}

sph{
0.3
0.3
0.3
0.8
0.8
50
0.9
1.0
0.0
0.0
0
0
5
308.0
200.0
796.0
1,0,0
0,1,0
0
}

****************
	Cocina
****************


poly{
0.0
0.0
0.1
0.8
0.8
50
0.8
0.5
0.5
0.0
0
1
alumi.avs
4
400,252,810
600,252,810
600,252,960
400,252,960
0
}


disc{
0.0
0.0
0.0
0.8
0.4
60
0.8
0.0
0.5
0.5
0
0
15
450,253,925
440,253,900
460,253,900
}


disc{
0.0
0.0
0.0
0.8
0.4
60
0.8
0.0
0.5
0.5
0
0
15
550,253,925
540,253,900
560,253,900
}


disc{
0.0
0.0
0.0
0.8
0.4
60
0.8
0.0
0.5
0.5
0
0
15
450,253,860
440,253,800
460,253,800
}


disc{
0.0
0.0
0.0
0.8
0.4
60
0.8
0.0
0.5
0.5
0
0
15
550,253,860
540,253,800
560,253,800
}







poly{
0.0
0.0
0.1
0.8
0.8
50
0.8
0.5
0.5
0.0
0
1
alumi.avs
4
400,60,799
600,60,799
600,240,799
400,240,799
0
}

poly{
0.0
0.0
0.0
0.8
0.8
50
0.8
1.0
0.0
0.0
0
0
4
430,90,798
570,90,798
570,190,798
430,190,798
0
}


elip{
0.3
0.3
0.3
0.8
0.4
60
0.8
0.1
0.8
0.1
0
0
100
530,140,796
470,140,796
500,100,796
}


poly{
0.0
0.0
0.0
0.8
0.8
50
0.8
1.0
0.0
0.0
0
0
4
400,200,798
600,200,798
600,205,798
400,205,798
0
}

poly{
0.3
0.3
0.3
0.8
0.8
50
0.8
1.0
0.0
0.0
0
0
4
420,190,790
580,190,790
580,195,790
420,195,790
0
}

poly{
0.3
0.3
0.3
0.8
0.8
50
0.8
1.0
0.0
0.0
0
0
4
421,190,790
421,195,790
420,195,800
420,190,800
0
}



disc{
0.0
0.0
0.0
0.8
0.4
60
0.8
0.0
0.5
0.5
0
0
8
450,225,798
440,220,798
460,230,798
}


disc{
0.0
0.0
0.0
0.8
0.4
60
0.8
0.0
0.5
0.5
0
0
8
500,225,798
490,220,798
510,230,798
}



disc{
0.0
0.0
0.0
0.8
0.4
60
0.8
0.0
0.5
0.5
0
0
8
550,225,798
540,220,798
560,230,798
}



****************
	Extractor
****************

poly{
0.0
0.0
0.1
0.8
0.8
50
0.8
0.5
0.5
0.0
0
1
alumi.avs
4
450,420,800
550,420,800
550,600,800
450,600,800
0
}


poly{
0.0
0.0
0.1
0.8
0.8
50
0.8
0.5
0.5
0.0
0
1
alumi.avs
4
451,420,800
451,600,800
450,600,1000
450,420,1000
0
}

poly{
0.0
0.0
1.0
0.8
0.8
50
0.8
0.5
0.5
0.0
0
1
alumi.avs
4
390,420,801
610,420,801
610,420,1001
390,420,1001
0
}

poly{
0.0
0.0
0.0
0.8
0.8
50
0.8
1.0
0.0
0.0
0
0
4
390,410,790
610,410,790
610,420,790
390,420,790
0
}

poly{
0.0
0.0
1.0
0.8
0.8
50
0.8
0.5
0.5
0.0
0
1
alumi.avs
4
391,410,790
391,420,790
390,420,1000
390,410,1000
0
}










****************
	Naranjas
****************

sph{
0.1171
0.1171
0.1171
0.8
0.4
2
0.1
1.0
0.0
0.0
0
0
20
200.0
268.0
450.0
1,0,0
0,1,0
1
Tazon.avs
}


sph{
1.0
0.65
1.0
0.8
0.4
2
0.1
1.0
0.0
0.0
0
1
orange.avs
6
193.0
266.0
450.0
1,0,0
0,1,0
0
}


sph{
1.0
0.65
1.0
0.8
0.4
2
0.1
1.0
0.0
0.0
0
1
orange.avs
6
202.0
266.0
445.0
1,0,0
0,1,0
0
}

sph{
1.0
0.0
1.0
0.8
0.4
2
0.1
1.0
0.0
0.0
0
1
orange.avs
7
207.0
266.0
440.0
1,0,0
0,1,0
0
}


****************
	Tetera
****************

sph{
0.1171
0.1171
0.1171
0.8
0.8
22
0.8
1.0
0.0
0.0
1
150,250,400/200,250,400/225,250,400
1
alumi.avs
20
250.0
265.0
600.0
1,0,0
0,1,0
0
}

sph{
0.7811
0.2656
0.2539
0.8
0.8
22
0.8
1.0
0.0
0.0
0
0
21
250.0
265.0
600.0
1,0,0
0,1,0
1
tete.avs
}


cylin{
0.5
0.5
0.5
1.0
0.8
8
0.2
1.0
0.0
0.0
0
0
246,280,600
-1.0,4.0,0.0
3
0
12
1.0,0.0,0.0
0
}

sph{
0.0
0.0
0.0
0.6
0.4
5
0.1
1.0
0.0
0.0
0
0
3
242.0
294.0
600.0
1,0,0
0,1,0
0
}

cylin{
0.5
0.5
0.5
1.0
0.8
8
0.2
1.0
0.0
0.0
0
0
230,270,600
-3.0,2.0,0.0
3
0
10
1.0,0.0,0.0
0
}

cylin{
0.5
0.5
0.5
1.0
0.8
8
0.2
1.0
0.0
0.0
0
0
268,270,600
4.5.0,0.0,5
12
0
3
1.0,0.0,0.0
0
}



********************
		Envase
********************


quad{
0.6875
0.0156
0.0820
0.8
0.7
30
0.8
0.3
0.0
0.7
1
120,200,400/140,200,400/130,200,500
0
1
0
2
0
0
0
-6
-1
0
10
620
80
400
}

cone{
0.6875
0.0156
0.0820
0.8
0.7
30
0.8
0.3
0.0
0.7
0
0
626,100,400
0,-1,0
0.7
0.2
0
70
0
}